algorithm,correct,incorrect,percent-correct,train-seconds,test-seconds,iterations
train-GA,960.0,2713.0,26.137,12.920,0.048,10
test-GA,416.0,809.0,33.959,12.920,0.006,10
train-GA,1058.0,2615.0,28.805,23.397,0.018,20
test-GA,376.0,849.0,30.694,23.397,0.006,20
train-GA,1006.0,2667.0,27.389,47.411,0.047,50
test-GA,448.0,777.0,36.571,47.411,0.006,50
train-GA,1533.0,2140.0,41.737,80.944,0.013,100
test-GA,579.0,646.0,47.265,80.944,0.004,100
train-GA,1613.0,2060.0,43.915,136.985,0.017,200
test-GA,581.0,644.0,47.429,136.985,0.006,200
train-GA,1617.0,2056.0,44.024,279.428,0.012,500
test-GA,581.0,644.0,47.429,279.428,0.005,500
train-GA,1617.0,2056.0,44.024,475.967,0.011,1000
test-GA,581.0,644.0,47.429,475.967,0.005,1000
train-GA,1639.0,2034.0,44.623,887.493,0.009,3000
test-GA,580.0,645.0,47.347,887.493,0.003,3000
