algorithm,correct,incorrect,percent-correct,train-seconds,test-seconds,iterations
train-RHC,903.0,2770.0,24.585,1.237,0.095,10
test-RHC,292.0,933.0,23.837,1.237,0.113,10
train-RHC,1610.0,2063.0,43.833,1.997,0.054,20
test-RHC,580.0,645.0,47.347,1.997,0.010,20
train-RHC,1611.0,2062.0,43.861,3.632,0.031,50
test-RHC,586.0,639.0,47.837,3.632,0.034,50
train-RHC,1606.0,2067.0,43.724,6.098,0.031,100
test-RHC,580.0,645.0,47.347,6.098,0.028,100
train-RHC,1596.0,2077.0,43.452,10.952,0.039,200
test-RHC,575.0,650.0,46.939,10.952,0.016,200
train-RHC,1622.0,2051.0,44.160,21.826,0.042,500
test-RHC,572.0,653.0,46.694,21.826,0.014,500
train-RHC,1623.0,2050.0,44.187,36.326,0.017,1000
test-RHC,594.0,631.0,48.490,36.326,0.008,1000
train-RHC,1665.0,2008.0,45.331,71.139,0.015,3000
test-RHC,595.0,630.0,48.571,71.139,0.005,3000
