algorithm,correct,incorrect,percent-correct,train-seconds,test-seconds,iterations
train-SA,1172.0,2501.0,31.909,1.264,0.209,10
test-SA,353.0,872.0,28.816,1.264,0.018,10
train-SA,1195.0,2478.0,32.535,2.244,0.030,20
test-SA,430.0,795.0,35.102,2.244,0.025,20
train-SA,944.0,2729.0,25.701,3.718,0.074,50
test-SA,316.0,909.0,25.796,3.718,0.015,50
train-SA,674.0,2999.0,18.350,6.352,0.035,100
test-SA,0.0,1225.0,0.000,6.352,0.007,100
train-SA,1617.0,2056.0,44.024,11.360,0.050,200
test-SA,581.0,644.0,47.429,11.360,0.009,200
train-SA,1416.0,2257.0,38.552,22.723,0.046,500
test-SA,501.0,724.0,40.898,22.723,0.016,500
train-SA,1617.0,2056.0,44.024,36.787,0.016,1000
test-SA,581.0,644.0,47.429,36.787,0.005,1000
train-SA,1619.0,2054.0,44.078,70.812,0.015,3000
test-SA,581.0,644.0,47.429,70.812,0.005,3000
